%YAML:1.0
---
R: !!opencv-matrix
   rows: 3
   cols: 3
   dt: d
   data: [ 9.9975743157341046e-01, -2.8185591684195248e-03,
       -2.1843391173342382e-02, 2.8760539845081794e-03,
       9.9999248108639693e-01, 2.6011697657577779e-03,
       2.1835895383879460e-02, -2.6633615763196681e-03,
       9.9975802081198528e-01 ]
T: !!opencv-matrix
   rows: 3
   cols: 1
   dt: d
   data: [ -5.9369473134389999e+01, 4.3683515131565975e-01,
       -2.4206181994905576e+00 ]
R1: !!opencv-matrix
   rows: 3
   cols: 3
   dt: d
   data: [ 9.9976887988664143e-01, -1.0276187426847425e-02,
       1.8883505558519462e-02, 1.0252636425711833e-02,
       9.9994653771159536e-01, 1.3435642579178177e-03,
       -1.8896302721233584e-02, -1.1496480162598236e-03,
       9.9982078796797691e-01 ]
R2: !!opencv-matrix
   rows: 3
   cols: 3
   dt: d
   data: [ 9.9914285176614370e-01, -7.3516016867663965e-03,
       4.0737154015184324e-02, 7.4023929783770537e-03,
       9.9997200117454044e-01, -1.0961045471845133e-03,
       -4.0727955298681388e-02, 1.3967174459488282e-03,
       9.9916929638453400e-01 ]
P1: !!opencv-matrix
   rows: 3
   cols: 4
   dt: d
   data: [ 3.8594406864870177e+02, 0., 3.3474661254882812e+02, 0., 0.,
       3.8594406864870177e+02, 2.4268175506591797e+02, 0., 0., 0., 1.,
       0. ]
P2: !!opencv-matrix
   rows: 3
   cols: 4
   dt: d
   data: [ 3.8594406864870177e+02, 0., 3.3474661254882812e+02,
       -2.2932952955138877e+04, 0., 3.8594406864870177e+02,
       2.4268175506591797e+02, 0., 0., 0., 1., 0. ]
Q: !!opencv-matrix
   rows: 4
   cols: 4
   dt: d
   data: [ 1., 0., 0., -3.3474661254882812e+02, 0., 1., 0.,
       -2.4268175506591797e+02, 0., 0., 0., 3.8594406864870177e+02, 0.,
       0., 1.6829235615826717e-02, 0. ]
