%YAML:1.0
---
M1: !!opencv-matrix
   rows: 3
   cols: 3
   dt: d
   data: [ 4.9319179683336540e+02, 0., 3.6172490409754528e+02, 0.,
       4.3574741458905606e+02, 2.3716137383183531e+02, 0., 0., 1. ]
D1: !!opencv-matrix
   rows: 1
   cols: 14
   dt: d
   data: [ -2.6432583454412715e-02, 9.8266869173284352e-02, 0., 0., 0.,
       0., 0., 1.5836169459135396e-01, 0., 0., 0., 0., 0., 0. ]
M2: !!opencv-matrix
   rows: 3
   cols: 3
   dt: d
   data: [ 4.9319179683336540e+02, 0., 3.4949195350980466e+02, 0.,
       4.3574741458905606e+02, 2.4814137011681100e+02, 0., 0., 1. ]
D2: !!opencv-matrix
   rows: 1
   cols: 14
   dt: d
   data: [ -3.6039476427033749e-02, 1.1161674976986642e-01, 0., 0., 0.,
       0., 0., 1.3153727007471888e-01, 0., 0., 0., 0., 0., 0. ]
