P0:  2 3 4 
P1:  2 3 4 
P2:  2 3 4 
P3:  2 3 4 
Tr_velo_to_cam:  2 3 4 
Tr_imu_to_velo:  2 3 4 
