%YAML:1.0
---
K: !!opencv-matrix
   rows: 3
   cols: 3
   dt: d
   data: [ 1.1073875461670957e+03, 0., 7.0247583719032491e+02, 0.,
       1.1037346452595368e+03, 2.5502078964821712e+02, 0., 0., 1. ]
D: !!opencv-matrix
   rows: 1
   cols: 5
   dt: d
   data: [ 3.2229595866292687e-01, -2.0052705319111301e+00,
       3.3451310931791821e-03, 1.3702395010687662e-04,
       5.2424793191840049e+00 ]
