%YAML:1.0
---
K: !!opencv-matrix
   rows: 3
   cols: 3
   dt: d
   data: [ 5.0493261619505233e+02, 0., 3.2427729851042852e+02, 0.,
       4.9688927822737850e+02, 1.7598944114732248e+02, 0., 0., 1. ]
D: !!opencv-matrix
   rows: 1
   cols: 5
   dt: d
   data: [ 3.0007869649626434e-01, -1.5259163852986009e+00,
       3.1914827168937603e-03, 4.4504995529688027e-04,
       2.2879753688345961e+00 ]
