%YAML:1.0
---
K1: !!opencv-matrix
   rows: 3
   cols: 3
   dt: d
   data: [ 1.1073875461670957e+03, 0., 7.0247583719032491e+02, 0.,
       1.1037346452595368e+03, 2.5502078964821712e+02, 0., 0., 1. ]
D1: !!opencv-matrix
   rows: 1
   cols: 5
   dt: d
   data: [ 3.2229595866292687e-01, -2.0052705319111301e+00,
       3.3451310931791821e-03, 1.3702395010687662e-04,
       5.2424793191840049e+00 ]
K2: !!opencv-matrix
   rows: 3
   cols: 3
   dt: d
   data: [ 1.1073875461670957e+03, 0., 7.0247583719032491e+02, 0.,
       1.1037346452595368e+03, 2.5502078964821712e+02, 0., 0., 1. ]
D2: !!opencv-matrix
   rows: 1
   cols: 5
   dt: d
   data: [ 3.2229595866292687e-01, -2.0052705319111301e+00,
       3.3451310931791821e-03, 1.3702395010687662e-04,
       5.2424793191840049e+00 ]
R: !!opencv-matrix
   rows: 3
   cols: 3
   dt: d
   data: [ 1., 4.9103516969873631e-13, 9.4670876770364157e-14,
       -4.9103516969873631e-13, 1., -1.8302402332588306e-13,
       -9.4670876770364157e-14, 1.8302402332588306e-13, 1. ]
T: !!opencv-matrix
   rows: 3
   cols: 1
   dt: d
   data: [ -2.4244984250024294e-14, 7.7080035028845915e-14,
       -3.6382560342108039e-13 ]
E: !!opencv-matrix
   rows: 3
   cols: 3
   dt: d
   data: [ -1.8594840141428656e-25, 3.6382560342109447e-13,
       7.7080035028779323e-14, -3.6382560342108266e-13,
       -1.7421375235370324e-25, 2.4244984249989849e-14,
       -7.7080035028834013e-14, -2.4244984250062143e-14,
       -2.8598199347591104e-27 ]
F: !!opencv-matrix
   rows: 3
   cols: 3
   dt: d
   data: [ 4.4793395956962715e-06, -8.7932568409575559e+06,
       1.8627408047874099e+08, 8.7932568409572691e+06,
       4.2244861973960207e-06, -6.8259508606770229e+09,
       -1.8627408048350260e+08, 6.8259508606770039e+09,
       9.9999999999999989e-01 ]
R1: !!opencv-matrix
   rows: 3
   cols: 3
   dt: d
   data: [ 9.9649325283215617e-01, 6.5053934041312586e-02,
       -5.2623024673016126e-02, -6.5053934041312586e-02,
       2.0682048967153210e-01, -9.7621374233196290e-01,
       -5.2623024673016126e-02, 9.7621374233196290e-01,
       2.1032723683937585e-01 ]
R2: !!opencv-matrix
   rows: 3
   cols: 3
   dt: d
   data: [ 9.9649325283215617e-01, 6.5053934041312586e-02,
       -5.2623024673016126e-02, -6.5053934041312586e-02,
       2.0682048967153210e-01, -9.7621374233196290e-01,
       -5.2623024673016126e-02, 9.7621374233196290e-01,
       2.1032723683937585e-01 ]
P1: !!opencv-matrix
   rows: 3
   cols: 4
   dt: d
   data: [ -2.0834123102454470e+02, 0., -1.4253935932159424e+04, 0., 0.,
       -2.0834123102454470e+02, -7.2690445129394531e+04, 0., 0., 0., 1.,
       0. ]
P2: !!opencv-matrix
   rows: 3
   cols: 4
   dt: d
   data: [ -2.0834123102454470e+02, 0., -1.4253935932159424e+04, 0., 0.,
       -2.0834123102454470e+02, -7.2690445129394531e+04,
       -7.7646800908504124e-11, 0., 0., 1., 0. ]
Q: !!opencv-matrix
   rows: 4
   cols: 4
   dt: d
   data: [ 1., 0., 0., 1.4253935932159424e+04, 0., 1., 0.,
       7.2690445129394531e+04, 0., 0., 0., -2.0834123102454470e+02, 0.,
       0., -2.6831914333475972e+12, 0. ]
