%YAML:1.0
---
K1: !!opencv-matrix
   rows: 3
   cols: 3
   dt: d
   data: [ 1.3017096488549685e+03, 0., 8.1788513436847450e+02, 0.,
       1.2983430525068338e+03, 4.2985491612073957e+02, 0., 0., 1. ]
D1: !!opencv-matrix
   rows: 1
   cols: 5
   dt: d
   data: [ 4.4803600210977129e-01, -3.3415891623360121e+00,
       -5.8924470137587340e-03, 2.5885350828208616e-03,
       5.4345808170317680e+00 ]
K2: !!opencv-matrix
   rows: 3
   cols: 3
   dt: d
   data: [ 1.3017096488549685e+03, 0., 8.1788513436847450e+02, 0.,
       1.2983430525068338e+03, 4.2985491612073957e+02, 0., 0., 1. ]
D2: !!opencv-matrix
   rows: 1
   cols: 5
   dt: d
   data: [ 4.4803600210977129e-01, -3.3415891623360121e+00,
       -5.8924470137587340e-03, 2.5885350828208616e-03,
       5.4345808170317680e+00 ]
R: !!opencv-matrix
   rows: 3
   cols: 3
   dt: d
   data: [ 1., 1.0762307603134413e-14, -8.8189306990603805e-15,
       -1.0762307603134413e-14, 1., -3.2832954888724772e-14,
       8.8189306990603805e-15, 3.2832954888724772e-14, 1. ]
T: !!opencv-matrix
   rows: 3
   cols: 1
   dt: d
   data: [ 5.3801464319091021e-15, 1.7310684327822276e-14,
       -8.6393051871247460e-15 ]
E: !!opencv-matrix
   rows: 3
   cols: 3
   dt: d
   data: [ 5.9682865539184039e-29, 8.6393051871253140e-15,
       1.7310684327821992e-14, -8.6393051871247933e-15,
       -2.6962496499479630e-28, -5.3801464319090256e-15,
       -1.7310684327822333e-14, 5.3801464319089159e-15,
       -2.3984379653229821e-29 ]
F: !!opencv-matrix
   rows: 3
   cols: 3
   dt: d
   data: [ 1.0681806418247046e-07, 1.5502384992607517e+07,
       3.3665775570040501e+10, -1.5502384992606584e+07,
       -4.8507006018188259e-07, 1.1227708799139316e+08,
       -3.3665775570041866e+10, -1.1227708799199688e+08, 1. ]
R1: !!opencv-matrix
   rows: 3
   cols: 3
   dt: d
   data: [ 9.6144945914714808e-01, -2.6792329939105225e-01,
       6.1903498681973271e-02, 2.6792329939105225e-01,
       8.6204636221794961e-01, -4.3022456349005944e-01,
       6.1903498681973271e-02, 4.3022456349005944e-01,
       9.0059690307080154e-01 ]
R2: !!opencv-matrix
   rows: 3
   cols: 3
   dt: d
   data: [ 9.6144945914714808e-01, -2.6792329939105225e-01,
       6.1903498681973271e-02, 2.6792329939105225e-01,
       8.6204636221794961e-01, -4.3022456349005944e-01,
       6.1903498681973271e-02, 4.3022456349005944e-01,
       9.0059690307080154e-01 ]
P1: !!opencv-matrix
   rows: 3
   cols: 4
   dt: d
   data: [ 6.4044516719582259e+02, 0., 5.9072292757034302e+02, 0., 0.,
       6.4044516719582259e+02, 1.6018935585021973e+03, 0., 0., 0., 1.,
       0. ]
P2: !!opencv-matrix
   rows: 3
   cols: 4
   dt: d
   data: [ 6.4044516719582259e+02, 0., 5.9072292757034302e+02, 0., 0.,
       6.4044516719582259e+02, 1.6018935585021973e+03,
       1.2860728383658850e-11, 0., 0., 1., 0. ]
Q: !!opencv-matrix
   rows: 4
   cols: 4
   dt: d
   data: [ 1., 0., 0., -5.9072292757034302e+02, 0., 1., 0.,
       -1.6018935585021973e+03, 0., 0., 0., 6.4044516719582259e+02, 0.,
       0., -4.9798514367941055e+13, 0. ]
