P0: 535.9469825347788 0.0 247.26433181762695 0.0 0.0 535.9469825347788 -45.312644958496094 -1.5665477307293823e-10 0.0 0.0 1.0 0.0
P1: 535.9469825347788 0.0 247.26433181762695 0.0 0.0 535.9469825347788 -45.312644958496094 -1.5665477307293823e-10 0.0 0.0 1.0 0.0
P2: 535.9469825347788 0.0 247.26433181762695 0.0 0.0 535.9469825347788 -45.312644958496094 -1.5665477307293823e-10 0.0 0.0 1.0 0.0
P3: 535.9469825347788 0.0 247.26433181762695 0.0 0.0 535.9469825347788 -45.312644958496094 -1.5665477307293823e-10 0.0 0.0 1.0 0.0
Tr_velo_to_cam: 535.9469825347788 0.0 247.26433181762695 0.0 0.0 535.9469825347788 -45.312644958496094 -1.5665477307293823e-10 0.0 0.0 1.0 0.0
Tr_imu_to_velo: 535.9469825347788 0.0 247.26433181762695 0.0 0.0 535.9469825347788 -45.312644958496094 -1.5665477307293823e-10 0.0 0.0 1.0 0.0
