%YAML:1.0
---
K1: !!opencv-matrix
   rows: 3
   cols: 3
   dt: d
   data: [ 5.0493261619505233e+02, 0., 3.2427729851042852e+02, 0.,
       4.9688927822737850e+02, 1.7598944114732248e+02, 0., 0., 1. ]
D1: !!opencv-matrix
   rows: 1
   cols: 5
   dt: d
   data: [ 3.0007869649626434e-01, -1.5259163852986009e+00,
       3.1914827168937603e-03, 4.4504995529688027e-04,
       2.2879753688345961e+00 ]
K2: !!opencv-matrix
   rows: 3
   cols: 3
   dt: d
   data: [ 5.0493261619505233e+02, 0., 3.2427729851042852e+02, 0.,
       4.9688927822737850e+02, 1.                                                                                                                                                                                                                                                                                                                                                                                                                                                                                                                                                                                                                                                                                                                                                                                                                                                                                                                                                                                                                                                                                                                                                                                                                                                                                                                                                                                                                                                                                                                                                                                                                                               +02, 0., 0., 1. ]
D2: !!opencv-matrix
   rows: 1
   cols: 5
   dt: d
   data: [ 3.0007869649626434e-01, -1.5259163852986009e+00,
       3.1914827168937603e-03, 4.4504995529688027e-04,
       2.2879753688345961e+00 ]
R: !!opencv-matrix
   rows: 3
   cols: 3
   dt: d
   data: [ 1., 5.9585115624868319e-13, -6.2569204255576365e-14,
       -5.9585115624868319e-13, 1., 6.1184672139366276e-13,
       6.2569204255576365e-14, -6.1184672139366276e-13, 1. ]
T: !!opencv-matrix
   rows: 3
   cols: 1
   dt: d
   data: [ 2.6091902965011593e-14, -2.5871769811373317e-13,
       -1.3349492768477019e-13 ]
E: !!opencv-matrix
   rows: 3
   cols: 3
   dt: d
   data: [ -9.5730867512115372e-26, 1.3349492768492849e-13,
       -2.5871769811365149e-13, -1.3349492768477183e-13,
       -6.3578861730240736e-26, -2.6091902965003240e-14,
       2.5871769811371762e-13, 2.6091902965165749e-14,
       -2.2351521374678278e-28 ]
F: !!opencv-matrix
   rows: 3
   cols: 3
   dt: d
   data: [ 3.3508083401068709e-06, -4.7482782069612145e+06,
       5.4081830730521584e+09, 4.7482782069556424e+06,
       2.2980418844808553e-06, -1.0711498869930582e+09,
       -5.4081830730545197e+09, 1.0711498869911379e+09, 1. ]
R1: !!opencv-matrix
   rows: 3
   cols: 3
   dt: d
   data: [ 9.9577304251076781e-01, 8.9265563942806533e-02,
       2.1626532380881816e-02, -8.9265563942806533e-02,
       8.8512444857227368e-01, 4.5671256785159869e-01,
       2.1626532380881816e-02, -4.5671256785159869e-01,
       8.8935140606150587e-01 ]
R2: !!opencv-matrix
   rows: 3
   cols: 3
   dt: d
   data: [ 9.9577304251076781e-01, 8.9265563942806533e-02,
       2.1626532380881816e-02, -8.9265563942806533e-02,
       8.8512444857227368e-01, 4.5671256785159869e-01,
       2.1626532380881816e-02, -4.5671256785159869e-01,
       8.8935140606150587e-01 ]
P1: !!opencv-matrix
   rows: 3
   cols: 4
   dt: d
   data: [ 5.3594698253477884e+02, 0., 2.4726433181762695e+02, 0., 0.,
       5.3594698253477884e+02, -4.5312644958496094e+01, 0., 0., 0., 1.,
       0. ]
P2: !!opencv-matrix
   rows: 3
   cols: 4
   dt: d
   data: [ 5.3594698253477884e+02, 0., 2.4726433181762695e+02, 0., 0.,
       5.3594698253477884e+02, -4.5312644958496094e+01,
       -1.5665477307293823e-10, 0., 0., 1., 0. ]
Q: !!opencv-matrix
   rows: 4
   cols: 4
   dt: d
   data: [ 1., 0., 0., -2.4726433181762695e+02, 0., 1., 0.,
       4.5312644958496094e+01, 0., 0., 0., 5.3594698253477884e+02, 0.,
       0., 3.4211979119540952e+12, 0. ]
