P0: -208.3412310245447 0.0 -14253.935932159424 0.0 0.0 -208.3412310245447 -72690.44512939453 -7.764680090850412e-11 0.0 0.0 1.0 0.0
P1: -208.3412310245447 0.0 -14253.935932159424 0.0 0.0 -208.3412310245447 -72690.44512939453 -7.764680090850412e-11 0.0 0.0 1.0 0.0
P2: -208.3412310245447 0.0 -14253.935932159424 0.0 0.0 -208.3412310245447 -72690.44512939453 -7.764680090850412e-11 0.0 0.0 1.0 0.0
P3: -208.3412310245447 0.0 -14253.935932159424 0.0 0.0 -208.3412310245447 -72690.44512939453 -7.764680090850412e-11 0.0 0.0 1.0 0.0
Tr_velo_to_cam: -208.3412310245447 0.0 -14253.935932159424 0.0 0.0 -208.3412310245447 -72690.44512939453 -7.764680090850412e-11 0.0 0.0 1.0 0.0
Tr_imu_to_velo: -208.3412310245447 0.0 -14253.935932159424 0.0 0.0 -208.3412310245447 -72690.44512939453 -7.764680090850412e-11 0.0 0.0 1.0 0.0
