P0: 640.4451671958226 0.0 590.722927570343 0.0 0.0 640.4451671958226 1601.8935585021973 1.286072838365885e-11 0.0 0.0 1.0 0.0
P1: 640.4451671958226 0.0 590.722927570343 0.0 0.0 640.4451671958226 1601.8935585021973 1.286072838365885e-11 0.0 0.0 1.0 0.0
P2: 640.4451671958226 0.0 590.722927570343 0.0 0.0 640.4451671958226 1601.8935585021973 1.286072838365885e-11 0.0 0.0 1.0 0.0
P3: 640.4451671958226 0.0 590.722927570343 0.0 0.0 640.4451671958226 1601.8935585021973 1.286072838365885e-11 0.0 0.0 1.0 0.0
Tr_velo_to_cam: 640.4451671958226 0.0 590.722927570343 0.0 0.0 640.4451671958226 1601.8935585021973 1.286072838365885e-11 0.0 0.0 1.0 0.0
Tr_imu_to_velo: 640.4451671958226 0.0 590.722927570343 0.0 0.0 640.4451671958226 1601.8935585021973 1.286072838365885e-11 0.0 0.0 1.0 0.0
